BG130427393    201408   0              1010000000011          27/08/20141111112222     11                                                ÄÊ                                     100.00          20.00         100.00          20.00           0.00           0.00           0.00           0.00           0.00           0.00           0.00           0.00           0.00           0.00           0.00           0.00           0.00  
BG130427393    201408   0              2010000000011          27/08/20141111112222     11                                                ÂÎÏ                                     13.00           2.60           0.00           0.00          13.00           0.00           2.60           0.00           0.00           0.00           0.00           0.00           0.00           0.00           0.00           0.00           0.00  
BG130427393    201408   0              3010000000011          27/08/20141111112222     11                                                ×Ë82                                    14.00           2.80           0.00           0.00           0.00          14.00           2.80           0.00           0.00           0.00           0.00           0.00           0.00           0.00           0.00           0.00           0.00  
BG130427393    201408   0              4010000000011          27/08/20141111112222     11                                                ÎÑÂ                                      0.00           0.00           0.00           0.00           0.00           0.00           0.00           0.00           0.00           0.00           0.00           0.00           0.00           0.00           0.00          24.00           0.00  
BG130427393    201408   0              5010000000011          27/08/20141111112222     11                                                ÏÎÑÐ                                     0.00           0.00           0.00           0.00           0.00           0.00           0.00           0.00           0.00           0.00           0.00           0.00           0.00           0.00           0.00           0.00          25.00  
BG130427393    201408   0              6010000000011          27/08/20141111112222     11                                                ÒÓÐÈÑÒ                                  17.00           1.53           0.00           0.00           0.00           0.00           0.00           0.00          17.00           1.53           0.00           0.00           0.00           0.00           0.00           0.00           0.00  
BG130427393    201408   0              7010000000011          27/08/20141111112222     11                                                ÃË3                                     19.00           0.00           0.00           0.00           0.00           0.00           0.00           0.00           0.00           0.00          19.00           0.00           0.00           0.00           0.00           0.00           0.00  
BG130427393    201408   0              8010000000011          27/08/20141111112222     11                                                ÂÎÄ                                     20.00           0.00           0.00           0.00           0.00           0.00           0.00           0.00           0.00           0.00           0.00          20.00           0.00           0.00           0.00           0.00           0.00  
BG130427393    201408   0              9010000000011          27/08/20141111112222     11                                                ×Ë140                                   21.00           0.00           0.00           0.00           0.00           0.00           0.00           0.00           0.00           0.00           0.00           0.00          21.00           0.00           0.00           0.00           0.00  
BG130427393    201408   0             10010000000011          27/08/20141111112222     11                                                ÄÐ×ËÅÍÊÀ                                 0.00           0.00           0.00           0.00           0.00           0.00           0.00           0.00           0.00           0.00           0.00           0.00           0.00          22.00           0.00           0.00           0.00  
BG130427393    201408   0             11010000000011          27/08/20141111112222     11                                                ÄÈÑÒ                                     0.00           0.00           0.00           0.00           0.00           0.00           0.00           0.00           0.00           0.00           0.00           0.00           0.00           0.00          23.00           0.00           0.00  
BG130427393    201408   0             12010000000011          27/08/20141111112222     11                                                ÄÐÓÃÈ                                    0.00          16.00           0.00           0.00           0.00           0.00           0.00          16.00           0.00           0.00           0.00           0.00           0.00           0.00           0.00           0.00           0.00  
