BG130427393    201408   01              0110                  04/08/2014BG100100100    Фантастико                                        ДК                                     100.00          20.00         100.00          20.00           0.00           0.00           0.00           0.00           0.00           0.00           0.00           0.00           0.00           0.00           0.00           0.00           0.00  
BG130427393    201408   02              0120                  04/08/2014BG13123123     ТОПЛОФИКАЦИЯ                                      ВОП                                     13.00           2.60           0.00           0.00          13.00           0.00           2.60           0.00           0.00           0.00           0.00           0.00           0.00           0.00           0.00           0.00           0.00  
BG130427393    201408   03              0130                  04/08/2014BG100100100    Фантастико                                        ЧЛ 82                                   14.00           2.80           0.00           0.00           0.00          14.00           2.80           0.00           0.00           0.00           0.00           0.00           0.00           0.00           0.00           0.00           0.00  
BG130427393    201408   04              0140                  04/08/2014ita200300400   ИТА                                               ОСВ                                      0.00           0.00           0.00           0.00           0.00           0.00           0.00           0.00           0.00           0.00           0.00           0.00           0.00           0.00           0.00          24.00           0.00  
BG130427393    201408   05              0150                  04/08/2014ita200300400   ИТА                                               ПОСР                                     0.00           0.00           0.00           0.00           0.00           0.00           0.00           0.00           0.00           0.00           0.00           0.00           0.00           0.00           0.00           0.00          25.00  
BG130427393    201408   06              01007                 08/08/2014BG100100100    Фантастико                                        ТУРИСТ                                  17.00           1.53           0.00           0.00           0.00           0.00           0.00           0.00          17.00           1.53           0.00           0.00           0.00           0.00           0.00           0.00           0.00  
BG130427393    201408   07              01008                 08/08/2014BG100100100    Фантастико                                        ГЛ 3                                    19.00           0.00           0.00           0.00           0.00           0.00           0.00           0.00           0.00           0.00          19.00           0.00           0.00           0.00           0.00           0.00           0.00  
BG130427393    201408   08              01009                 08/08/2014it111222333    ita                                               ВОД                                     20.00           0.00           0.00           0.00           0.00           0.00           0.00           0.00           0.00           0.00           0.00          20.00           0.00           0.00           0.00           0.00           0.00  
BG130427393    201408   09              01010                 08/08/2014BG100100100    Фантастико                                        чл 140                                  21.00           0.00           0.00           0.00           0.00           0.00           0.00           0.00           0.00           0.00           0.00           0.00          21.00           0.00           0.00           0.00           0.00  
BG130427393    201408   010             01011                 08/08/2014BG100100100    Фантастико                                        друга членка                             0.00           0.00           0.00           0.00           0.00           0.00           0.00           0.00           0.00           0.00           0.00           0.00           0.00          22.00           0.00           0.00           0.00  
BG130427393    201408   011             01012                 08/08/2014BG100100100    Фантастико                                        ДИСТ                                     0.00           0.00           0.00           0.00           0.00           0.00           0.00           0.00           0.00           0.00           0.00           0.00           0.00           0.00          23.00           0.00           0.00  
BG130427393    201408   012             0123                  06/08/2014BG111222333    МЕДЕОС ООД                                        ДРУГИ                                    0.00          16.00           0.00           0.00           0.00           0.00           0.00          16.00           0.00           0.00           0.00           0.00           0.00           0.00           0.00           0.00           0.00  
